h 1
newmat 10 9
m 2.1798594 -2.3930898 -6.5780845 0.20517498 1.0970612 1.9138261 -9.915858 -1.6165416 -2.5358171
m -0.87836564 0.9661331 1.8248442 9.452002 -0.46047413 -0.88323504 0.5941071 0.8125051 1.0711327
m 0.33725998 -0.31193295 -1.2384958 7.019317 0.21893458 0.25828022 -3.4339051 -0.1307849 -0.36963654
m -0.1750097 0.28079006 0.679911 10.241434 -8.580829E-4 -0.11421942 -1.5086752 0.18661672 0.22925958
m -0.5859394 0.543623 -4.1509395 -0.24323472 -0.2841484 -0.40299678 -6.9658957 0.40837955 0.5045335
m -0.3131122 0.29533246 -3.456163 -0.121511966 -0.13385248 -0.2927507 -5.754036 0.27702558 0.4458625
m 1.3613105 -1.5105202 -4.324078 -5.2192802 0.63202345 1.1780779 -8.12213 -1.0369453 -1.5762587
m -2.541052 2.8058803 4.2057676 5.29134 -1.4497976 -2.3346543 5.734404 1.8188217 2.9479945
m 0.72171724 -0.77374053 0.8975022 -1.6193078 0.8836168 0.7135961 1.903642 -0.7956786 -0.77591777
m -2.1981611 2.5197217 -3.926929 -5.058282 -1.1877533 -1.7961957 -5.533968 1.4546779 2.6227627
newmat 10 1
m -5.264977
m 4.3496685
m 4.046539
m 9.297081
m -3.900526
m -4.833738
m 7.11442
m 2.85813
m 4.6386995
m -1.5812342
