h 1
newmat 27 13
m 0.005690776 -0.09774901 0.044683658 -0.014523044 -0.07704127 -0.021146894 -0.095247105 -0.05413471 0.01686494 0.06796866 0.011893779 0.008202776 0.012576364
m -0.06606901 -0.09835533 -0.033459604 0.08342414 -0.085238256 0.09153827 -0.0344769 -0.47089612 0.088718705 0.095597155 -0.0072924346 0.0050176606 0.008895732
m 0.021268561 -0.017594397 0.004367709 0.041167192 0.0058450922 0.0849283 0.021370009 -0.19553241 -0.030365884 -0.03546132 -0.022849895 0.0782199 -0.03358867
m 0.048426844 -0.044448223 -0.08668033 0.09297312 0.02759219 0.07497413 0.043366678 -0.13172856 0.04700663 0.07183821 0.040227555 0.06539654 -0.061097063
m -0.08246042 -0.08408408 0.040928118 -0.045730054 -0.049153067 0.066267245 0.0584298 -0.059779204 0.04165172 0.06617547 -0.043109663 -0.0023309365 -0.06828304
m 0.014007643 0.08546933 0.03830018 -0.07302153 0.022022203 -0.060934987 0.05385392 -0.073253274 0.021169305 -0.024681963 0.057532974 -0.096772216 0.08487897
m -9.7516924E-4 0.0147055015 -0.045205403 -0.08191391 0.09394636 0.012698472 0.08082407 0.043753147 0.03325074 -0.007994451 0.021633472 -0.042350125 0.094758384
m 0.012750529 0.04776857 -0.01374086 0.09428493 -0.04220563 -0.08864105 0.056501918 -0.0026035374 0.08911616 0.052855395 -0.045431316 -0.0011930689 -0.07217948
m 0.06355379 -0.024198055 0.049783073 -0.06260942 -0.073139235 -0.08989771 0.034528755 -1562.5066 -0.07289392 0.090238295 39.06614 -0.08416796 0.08101823
m -0.062234607 0.034166194 -0.070647165 -0.06522647 -0.056643594 0.052901022 -0.016700767 -0.053435884 -0.050735798 -7.9251826E-4 0.036826782 0.08338905 0.06794708
m 0.06243337 0.021695718 -0.02487664 0.09041264 -0.023292102 -0.04061916 0.029050492 -0.06145323 -0.058961917 -0.06012392 -0.06896284 -0.06280152 0.019097015
m -0.022838615 0.010838464 0.055093907 0.033102326 0.08819429 0.008736633 -0.045031942 -0.02976397 -0.087593846 -0.016902626 -0.029586557 -0.04386574 0.02635216
m 0.01834108 -0.09814532 -0.08172481 0.055290394 0.05838584 7.6218694E-4 8.1882626E-4 -0.032523565 -0.010207593 -0.095100485 -0.05105865 0.013041772 -0.058477905
m 0.046490125 -3.2122433E-4 0.012971602 -0.0072370395 0.014852151 0.08491964 0.04113432 -0.4493963 -0.066478 -0.070418574 -0.040564634 0.054461084 -0.04557227
m 0.09339351 -0.064054444 0.064638965 0.032770447 -0.050535608 -0.0071796775 -0.06376994 -0.4837194 0.07170778 -0.027352296 0.05796498 0.02777014 -0.082963586
m -0.007864021 -0.02119746 0.02668821 -0.008139834 0.057455443 -0.014489196 -0.05770923 -74.655 -0.02304218 0.0326718 6.5447397 0.07660008 0.02995395
m 0.04933781 -0.068052396 -0.033036686 0.008609608 0.052736275 -0.06681529 0.06453384 -136.15814 -0.026746668 0.068356104 27.196041 -0.06449142 0.05531908
m 0.0061355084 0.004787907 -0.07454886 0.061609276 4.079193E-5 -0.036567196 -0.09731799 -0.22217733 -0.031559482 0.01805272 0.07713844 0.009632863 -0.038777422
m 0.08085371 -0.04263083 0.077020966 0.08675016 0.06258715 0.044759817 -0.05689874 -13.923931 0.009918235 0.0041087046 0.14366809 0.07375359 -0.048227932
m 0.08981199 0.03598883 0.089036115 -0.05409321 0.05118721 -0.027043663 -0.03856311 0.068721995 0.023669496 0.060536392 0.06520079 -0.053357985 -0.039947774
m -0.06944611 -0.026037946 -0.03333374 0.03837567 0.0775123 0.04931999 0.015904307 -0.077328935 -0.064728156 -0.025876664 0.04137545 0.0962399 -0.015994355
m 0.0049537867 -0.09056187 0.024824664 -0.0014260858 -0.058873713 -0.048120033 -0.0015293956 -78.98862 0.047418363 0.08601632 0.87392175 0.06917744 0.052473955
m 0.03805294 -7.8680366E-4 0.012339488 -0.055963885 0.043411933 0.0912927 0.035756536 -1.2065115 0.07470941 0.0958341 -0.0660747 0.008301243 0.002760604
m 0.08892863 -0.0099695325 0.059896164 -0.059186853 0.06789357 -0.037837207 0.04973536 -0.09219186 0.061601482 0.06923749 -0.047343858 -0.050205003 -0.0398988
m 0.08171084 -0.061862137 0.056635715 6.9637597E-4 -0.009059928 -0.047021665 0.042552017 -0.015420247 -0.09733466 -0.028090216 -0.026326172 0.004873708 -0.05669824
m -0.04510173 -0.08669319 -0.0043218955 -0.014849521 0.002044119 -0.018495128 -0.09808196 -0.022400562 0.07326632 0.015500858 0.08324562 -0.031881288 -0.043460142
m -0.08816739 -4.6007335E-4 0.095013954 0.019251049 0.077903785 -0.07427643 0.03808669 -0.024790011 0.049011327 -0.09377434 2.1132457E-4 -0.047715556 0.050378285
newmat 14 2
m -0.20417622 -0.069482654
m -0.086855724 0.044425733
m 0.9358741 0.22108188
m -0.66128707 3.7154784
m 2.6669602 -5.8849125
m 0.05800622 -0.09231597
m -0.2816605 -0.13393296
m 1.2674341 -0.93722534
m -0.05862652 -0.08673489
m -0.13674554 -0.2618057
m -0.11006995 -0.27139083
m -0.02781079 0.031300344
m -0.21169308 -0.13242027
m -0.2501738 -0.101676196
